Average:
PSNR:0.000000
SSIM:0.000000
Average:
PSNR:0.000000
SSIM:0.000000
Average:
PSNR:0.000000
SSIM:0.000000
Average:
PSNR:0.000000
SSIM:0.000000
